750
1 3
2
4
5
6
7 9
8
10
11 13
12
14
15
16 19
17
18
20
21 27
22
23
24
25
26
28 31
29
30
32 33
34
35
36
37 38
39
40
41 45
42
43
44
46
47 48
49
50 52
51
53 54
55 56
57
58 59
60 62
61
63
64
65 66
67 68
69 70
71
72 73
74
75
76
77 80
78
79
81 83
82
84
85 86
87 89
88
90
91
92 94
93
95 96
97 98
99
100 102
101
103 105
104
106 109
107
108
110
111
112
113
114
115 116
117 118
119 120
121
122
123
124 125
126
127 129
128
130 131
132 134
133
135 138
136
137
139 144
140
141
142
143
145 147
146
148 151
149
150
152 153
154 156
155
157 158
159 161
160
162 163
164 166
165
167
168
169 170
171
172 173
174 176
175
177
178
179
180
181 183
182
184 186
185
187
188
189 191
190
192 196
193
194
195
197
198
199 200
201 205
202
203
204
206
207 208
209
210
211
212
213
214
215 216
217
218
219 222
220
221
223
224 225
226
227 228
229
230
231
232 235
233
234
236
237 238
239 243
240
241
242
244 245
246
247 249
248
250 251
252
253 254
255
256
257 258
259
260 263
261
262
264 265
266
267 270
268
269
271 272
273
274 281
275
276
277
278
279
280
282
283
284
285
286 289
287
288
290 291
292 296
293
294
295
297
298 305
299
300
301
302
303
304
306
307 308
309
310
311 319
312
313
314
315
316
317
318
320
321
322 323
324
325 328
326
327
329
330
331 332
333
334
335
336 337
338 339
340 342
341
343
344 345
346 351
347
348
349
350
352
353
354 356
355
357
358
359
360 364
361
362
363
365
366 367
368
369 372
370
371
373 374
375
376 377
378
379
380
381
382
383 384
385 386
387 389
388
390
391 393
392
394
395 396
397
398
399 400
401
402 403
404 406
405
407
408 409
410 411
412
413
414 415
416 418
417
419 420
421
422
423 425
424
426
427 428
429 433
430
431
432
434
435 438
436
437
439 444
440
441
442
443
445 446
447
448 450
449
451
452
453 455
454
456 459
457
458
460 462
461
463
464
465 466
467 470
468
469
471 472
473
474
475 476
477 479
478
480
481
482 483
484
485 488
486
487
489
490
491 493
492
494
495 496
497 499
498
500
501
502 504
503
505
506
507
508
509
510
511 512
513 514
515
516
517
518 519
520
521
522 523
524 525
526 528
527
529 530
531
532
533
534
535 536
537
538 543
539
540
541
542
544 545
546 548
547
549 553
550
551
552
554 559
555
556
557
558
560
561
562
563 564
565 567
566
568
569 572
570
571
573 574
575
576
577
578 579
580 581
582 583
584 586
585
587 588
589
590 591
592
593
594
595
596 599
597
598
600 601
602 604
603
605
606
607
608 609
610 613
611
612
614
615
616 618
617
619 620
621 623
622
624
625 626
627
628
629 631
630
632 633
634 635
636 637
638 644
639
640
641
642
643
645
646
647
648
649
650
651
652 654
653
655
656
657
658 660
659
661 662
663 665
664
666 667
668
669 671
670
672
673
674 675
676 677
678
679
680
681
682 684
683
685 686
687 690
688
689
691
692
693
694
695
696 697
698 699
700 701
702 704
703
705
706 710
707
708
709
711 712
713
714
715 716
717 718
719
720
721 722
723
724
725
726
727 732
728
729
730
731
733
734
735
736 738
737
739
740
741 745
742
743
744
746
747
748
749
750 751
752 753
754 759
755
756
757
758
760 761
762
763 764
765
766 770
767
768
769
771 774
772
773
775 782
776
777
778
779
780
781
783 784
785
786
787
788
789 790
791
792
793
794 795
796 797
798 799
800
801 802
803
804
805
806 807
808
809 811
810
812
813
814 815
816
817 818
819 825
820
821
822
823
824
826 829
827
828
830
831
832
833 834
835 836
837
838 839
840
841 842
843
844
845
846
847 848
849
850
851
852
853
854 857
855
856
858 859
860
861
862 863
864
865
866
867 869
868
870
871
872 873
874 877
875
876
878
879
880 882
881
883 884
885 886
887
888
889
890
891
892 893
894
895 898
896
897
899 902
900
901
903 904
905 910
906
907
908
909
911 912
913 916
914
915
917 919
918
920 921
922
923
924
925
926
927
928 929
930 931
932
933 935
934
936
937
938 941
939
940
942 944
943
945
946 947
948 950
949
951
952
953 954
955
956
957 958
959 961
960
962 966
963
964
965
967
968 969
970
971
972
973
974 975
976
977
978 980
979
981 982
983 985
984
986 989
987
988
990
991 992
993
994 996
995
997 1000
998
999
